   1.0000000e+01
   8.2458906e+00
   6.7994713e+00
   5.6067696e+00
   4.6232809e+00
   3.8123069e+00
   3.1435866e+00
   2.5921671e+00
   2.1374727e+00
   1.7625366e+00
   1.4533684e+00
   1.1984317e+00
   9.8821366e-01
   8.1487018e-01
   6.7193304e-01
   5.5406864e-01
   4.5687894e-01
   3.7673738e-01
   3.1065352e-01
   2.5616150e-01
   2.1122797e-01
   1.7417627e-01
   1.4362385e-01
   1.1843066e-01
   9.7656625e-02
   8.0526585e-02
   6.6401341e-02
   5.4753820e-02
   4.5149401e-02
   3.7229703e-02
   3.0699206e-02
   2.5314229e-02
   2.0873837e-02
   1.7212337e-02
   1.4193105e-02
   1.1703479e-02
   9.6505611e-03
   8.1414839e-03
   7.9577472e-03
   6.9608863e-03
   6.1489209e-03
   5.5738359e-03
   5.1569496e-03
   4.8491375e-03
   4.6185323e-03
   4.4437690e-03
   4.3101136e-03
   4.2071575e-03
   4.1273956e-03
   4.0653230e-03
   4.0168437e-03
   3.9788737e-03
   3.9788736e-03
