8.86116
9.40779
9.09132
7.25004
5.26491
1.98513
-0.97818
-3.88395
-5.81154
-6.9048
-6.64587
-5.14983
-3.07839
0.11508
3.10716
5.92662
8.17068
9.46533
9.12009
7.94052
5.92662
2.47422
-0.20139
-3.25101
-5.58138
-6.81849
-6.99111
-5.69646
-3.76887
-0.54663
2.21529
5.40876
7.7679
8.94747
9.43656
8.22822
6.55956
3.27978
0.48909
-2.56053
-4.91967
-6.53079
-6.87603
-5.92662
-4.08534
-1.32342
1.7262
4.77582
7.27881
8.9187
9.55164
8.65977
7.27881
4.0278
1.20834
-1.78374
-4.45935
-6.30063
-6.93357
-6.6171
-4.91967
-1.98513
0.80556
4.11411
6.84726
8.28576
9.43656
8.80362
7.25004
4.80459
1.84128
-1.58235
-3.88395
-5.81154
-7.39389
-6.50202
-5.06352
-2.61807
0.20139
3.36609
6.18555
8.42961
9.37902
9.32148
8.22822
5.1786
2.70438
-0.54663
-3.33732
-5.55261
-6.67464
-6.84726
-5.754
-3.19347
-0.77679
2.76192
5.52384
7.65282
9.23517
9.26394
8.19945
5.92662
3.33732
0.11508
-2.73315
-5.14983
-6.53079
-6.73218
-6.38694
-3.76887
-1.06449
1.87005
4.86213
7.56651
8.88993
9.32148
8.48715
6.67464
4.0278
1.03572
-1.95636
-4.63197
-6.15678
-6.87603
-6.70341
-4.40181
-1.89882
1.09326
4.20042
6.78972
8.65977
9.35025
8.88993
7.16373
4.74705
1.38096
-1.32342
-4.08534
-6.15678
-6.84726
-6.73218
-4.91967
-2.5893
0.46032
3.56748
6.55956
8.40084
9.37902
9.40779
7.59528
5.52384
2.47422
-0.69048
-3.53871
-5.55261
-6.76095
-7.25004
-5.37999
-3.27978
-0.2877
2.877
5.72523
7.96929
9.23517
9.35025
8.0556
6.09924
2.877
-0.08631
-2.90577
-5.37999
-6.73218
-7.22127
-6.07047
-3.85518
-1.00695
2.04267
5.09229
7.50897
8.86116
9.69549
8.40084
6.64587
4.0278
0.80556
-2.24406
-4.57443
-6.50202
-7.25004
-6.01293
-4.34427
-1.46727
1.49604
4.34427
6.96234
8.86116
9.55164
8.71731
7.16373
4.48812
1.58235
-1.63989
-4.45935
-6.0417
-7.22127
-6.53079
-4.91967
-2.35914
0.43155
3.65379
6.44448
8.3433
9.58041
8.88993
7.71036
5.4663
2.3016
-0.89187
-3.50994
-5.754
-6.73218
-6.38694
-5.49507
-3.04962
0
2.96331
5.86908
7.99806
9.35025
8.94747
8.17068
5.63892
3.10716
-0.23016
-3.19347
-5.35122
-6.99111
-7.10619
-5.86908
-3.68256
-0.77679
2.35914
5.40876
7.36512
9.32148
9.09132
8.51592
6.38694
3.59625
0.5754
-2.47422
-4.83336
-6.58833
-6.81849
-6.07047
-4.17165
-1.35219
1.52481
4.57443
7.25004
8.94747
9.2064
8.631
7.01988
4.48812
1.1508
-1.89882
-4.40181
-6.53079
-6.76095
-6.44448
-4.80459
-2.35914
0.80556
3.65379
6.3294
8.71731
9.29271
9.14886
7.4802
5.00598
2.07144
-0.89187
-3.76887
-6.18555
-6.96234
-6.67464
-5.14983
-2.73315
0.05754
3.13593
6.24309
8.31453
9.09132
9.40779
7.94052
5.66769
2.5893
-0.48909
-3.25101
-5.58138
-6.87603
-6.81849
-5.49507
-3.71133
-0.60417
2.41668
5.20737
7.85421
9.14886
9.35025
8.40084
6.3294
3.56748
0.48909
-2.61807
-5.32245
-6.3294
-6.96234
-6.0417
-4.05657
-1.35219
1.7262
4.8909
7.4802
8.74608
9.43656
8.65977
6.81849
4.08534
1.06449
-1.92759
-4.66074
-6.38694
-6.99111
-6.30063
-4.77582
-1.92759
0.89187
3.79764
6.9048
8.57346
9.43656
9.00501
7.1925
4.94844
1.95636
-1.23711
-4.40181
-5.72523
-6.87603
-6.50202
-5.00598
-2.73315
0.34524
3.56748
6.44448
7.96929
9.46533
9.14886
7.85421
5.63892
2.64684
-0.43155
-3.71133
-5.69646
-6.73218
-6.73218
-5.72523
-3.30855
-0.48909
2.33037
5.86908
7.62405
8.88993
9.23517
8.25699
6.09924
3.42363
0.11508
-3.07839
-4.91967
-6.73218
-6.9048
-5.84031
-3.94149
-1.17957
1.95636
4.94844
7.27881
9.14886
9.26394
8.65977
6.78972
4.05657
0.83433
-2.38791
-4.66074
-6.38694
-6.96234
-6.50202
-4.45935
-1.81251
1.03572
4.54566
6.78972
8.40084
9.43656
9.00501
7.10619
4.40181
1.7262
-1.78374
-4.08534
-6.07047
-6.76095
-6.47325
-5.06352
-2.53176
0.46032
3.62502
6.12801
8.54469
9.32148
9.2064
7.79667
5.40876
2.27283
-0.94941
-3.53871
-5.72523
-6.87603
-6.76095
-5.4663
-3.25101
-0.63294
3.10716
5.52384
7.71036
9.43656
9.35025
7.85421
6.09924
3.10716
-0.20139
-2.81946
-5.26491
-6.6171
-6.87603
-5.86908
-3.76887
-0.97818
2.3016
5.06352
7.73913
9.09132
9.46533
8.631
6.55956
3.85518
0.48909
-2.15775
-4.80459
-6.38694
-7.16373
-6.07047
-4.34427
-1.81251
1.52481
4.37304
6.84726
8.86116
9.37902
8.631
7.13496
4.25796
1.35219
-1.61112
-4.37304
-6.30063
-6.9048
-6.47325
-4.80459
-2.53176
0.71925
3.56748
6.55956
8.45838
9.46533
9.2064
7.59528
5.40876
1.98513
-0.77679
-3.68256
-5.754
-6.87603
-6.64587
-5.32245
-3.07839
0.02877
2.90577
5.72523
8.08437
9.32148
9.09132
8.17068
5.89785
2.24406
-0.08631
-3.02085
-5.32245
-6.73218
-6.84726
-5.69646
-3.62502
-0.77679
2.18652
5.40876
7.59528
9.09132
9.4941
8.31453
6.55956
3.50994
0.60417
-2.50299
-4.91967
-6.53079
-6.9048
-6.27186
-4.34427
-1.29465
1.46727
4.51689
7.13496
8.86116
9.17763
8.77485
7.01988
3.82641
1.38096
-1.81251
-4.66074
-6.30063
-6.99111
-6.38694
-4.66074
-2.07144
0.69048
4.0278
6.55956
8.54469
9.40779
9.03378
7.62405
5.00598
2.27283
-0.97818
-3.68256
-5.95539
-6.81849
-6.53079
-5.26491
-2.61807
0.14385
3.10716
6.09924
8.19945
9.03378
9.32148
7.94052
5.29368
2.93454
-0.43155
-3.53871
-5.4663
-6.84726
-7.04865
-5.61015
-3.48117
-0.74802
2.56053
5.32245
7.73913
9.14886
9.32148
8.40084
6.09924
3.56748
0.37401
-2.38791
-5.12106
-6.50202
-6.76095
-6.15678
-3.88395
-1.20834
1.7262
4.74705
7.4802
8.80362
9.43656
8.86116
6.3294
4.28673
1.12203
-2.15775
-4.54566
-6.30063
-6.93357
-6.67464
-4.45935
-2.15775
1.06449
4.05657
6.73218
8.77485
9.35025
9.09132
7.25004
4.83336
1.84128
-1.09326
-3.99903
-5.84031
-6.73218
-6.96234
-4.86213
-2.53176
0.23016
3.33732
6.12801
8.17068
9.43656
9.26394
7.25004
5.52384
2.50299
-0.83433
-3.53871
-5.61015
-6.99111
-6.84726
-5.4663
-3.53871
-0.31647
2.64684
5.52384
7.91175
9.2064
9.32148
7.85421
6.15678
3.22224
0.34524
-2.73315
-5.12106
-6.50202
-7.04865
-5.72523
-3.85518
-1.17957
1.87005
5.20737
7.39389
9.00501
9.60918
8.31453
6.78972
4.08534
0.74802
-2.04267
-4.68951
-6.64587
-7.13496
-6.15678
-4.77582
-1.81251
1.17957
3.99903
6.9048
8.71731
9.40779
8.631
7.30758
4.77582
1.55358
-1.4385
-4.08534
-5.92662
-7.27881
-6.30063
-5.12106
-2.5893
0.43155
3.62502
6.27186
8.40084
9.14886
8.86116
7.7679
5.40876
2.41668
-0.66171
-3.53871
-5.81154
-7.01988
-6.53079
-5.84031
-3.07839
-0.14385
2.93454
5.72523
7.94052
9.2064
9.09132
8.17068
6.09924
3.33732
0
-2.84823
-5.37999
-6.58833
-6.64587
-5.84031
-3.76887
-0.92064
2.27283
5.1786
7.59528
9.09132
9.09132
8.68854
6.44448
3.79764
0.66171
-2.27283
-5.03475
-6.50202
-6.93357
-6.30063
-4.34427
-1.78374
1.03572
4.40181
7.1925
8.74608
9.37902
8.86116
7.04865
4.63197
1.4385
-1.46727
-4.22919
-6.44448
-6.73218
-6.47325
-5.00598
-2.3016
0.74802
3.62502
6.47325
8.71731
9.09132
9.23517
7.65282
5.23614
2.21529
-0.8631
-3.82641
-5.66769
-6.73218
-6.99111
-5.29368
-2.93454
-0.05754
2.96331
5.86908
7.88298
8.9187
9.32148
7.94052
5.86908
2.90577
-0.08631
-2.99208
-5.61015
-6.47325
-6.81849
-5.78277
-3.71133
-0.66171
2.10021
5.29368
7.71036
8.71731
9.58041
8.60223
6.35817
3.59625
0.48909
-2.53176
-5.23614
-6.27186
-7.10619
-6.0417
-4.3155
-1.69743
1.52481
4.71828
6.93357
8.51592
9.55164
8.48715
7.01988
4.63197
1.29465
-1.69743
-4.45935
-6.0417
-6.93357
-6.38694
-4.68951
-2.07144
0.80556
3.94149
6.70341
8.31453
9.4941
9.00501
7.4802
5.03475
2.18652
-1.09326
-4.22919
-5.69646
-6.9048
-6.58833
-5.23614
-2.76192
0.02877
3.13593
5.89785
7.88298
9.32148
8.97624
7.96929
5.63892
2.44545
-0.31647
-3.42363
-5.49507
-6.84726
-6.70341
-5.61015
-3.39486
-0.54663
2.47422
5.63892
7.4802
9.17763
9.58041
8.40084
6.3294
3.59625
0.34524
-2.99208
-4.68951
-6.53079
-6.76095
-5.84031
-4.08534
-1.23711
1.58235
4.74705
7.13496
9.09132
9.37902
8.74608
6.81849
3.91272
1.06449
-2.10021
-4.68951
-6.50202
-6.93357
-6.41571
-4.54566
-2.12898
1.03572
4.25796
6.44448
8.71731
9.43656
8.97624
7.39389
5.12106
1.84128
-1.46727
-3.76887
-6.21432
-6.76095
-6.50202
-5.06352
-2.61807
0.20139
3.53871
6.09924
8.54469
9.35025
9.23517
7.73913
5.32245
2.53176
-0.54663
-3.48117
-5.61015
-6.76095
-6.9048
-5.61015
-3.30855
-0.40278
2.79069
5.40876
7.96929
9.26394
9.35025
8.17068
6.12801
3.33732
-0.14385
-2.53176
-5.14983
-6.58833
-6.76095
-5.84031
-3.88395
-0.92064
2.18652
4.71828
7.4802
8.94747
9.55164
8.68854
6.78972
4.05657
0.60417
-2.15775
-4.68951
-6.38694
-7.16373
-6.21432
-4.54566
-2.10021
1.06449
4.0278
6.9048
8.65977
9.46533
8.88993
7.25004
4.71828
1.46727
-1.35219
-4.22919
-6.0417
-7.07742
-6.47325
-4.91967
-2.38791
0.66171
3.27978
6.55956
8.31453
9.40779
9.09132
7.71036
5.40876
2.0139
-0.66171
-3.62502
-5.69646
-6.9048
-6.70341
-5.43753
-3.4524
-0.08631
2.81946
5.66769
7.85421
9.23517
9.14886
8.14191
5.95539
2.64684
0.11508
-2.96331
-5.32245
-6.64587
-6.87603
-6.09924
-3.99903
-0.77679
2.0139
5.40876
7.50897
9.09132
9.55164
8.54469
6.55956
3.65379
0.74802
-2.56053
-4.77582
-6.55956
-6.81849
-6.15678
-4.6032
-1.4385
1.09326
4.25796
7.07742
8.80362
9.26394
8.71731
7.13496
4.17165
1.7262
-1.69743
-4.34427
-6.07047
-6.9048
-6.47325
-4.71828
-2.33037
0.34524
3.91272
6.55956
8.54469
9.55164
9.12009
7.65282
5.00598
2.24406
-0.92064
-3.7401
-5.84031
-6.76095
-6.53079
-5.35122
-2.84823
-0.14385
2.90577
5.89785
8.11314
9.09132
9.32148
8.02683
5.1786
3.02085
-0.05754
-3.02085
-5.35122
-6.76095
-6.9048
-5.66769
-3.53871
-1.00695
2.44545
5.29368
7.7679
9.12009
9.37902
8.51592
6.3294
3.79764
0.5754
-2.38791
-5.00598
-6.41571
-6.76095
-6.07047
-3.99903
-1.69743
1.35219
4.6032
7.25004
8.68854
9.46533
8.68854
6.3294
4.43058
1.20834
-2.04267
-4.45935
-6.15678
-7.07742
-6.41571
-4.66074
-2.33037
0.89187
3.88395
6.67464
8.631
9.43656
9.00501
7.16373
5.1786
1.95636
-0.97818
-3.85518
-5.84031
-6.73218
-6.64587
-4.94844
-2.84823
0
3.33732
5.86908
8.11314
9.26394
9.32148
7.39389
5.89785
2.73315
-0.69048
-3.22224
-5.4663
-6.76095
-6.9048
-5.29368
-3.53871
-0.51786
2.41668
5.4663
7.82544
9.12009
9.43656
8.17068
6.44448
3.39486
0.37401
-2.73315
-5.00598
-6.47325
-6.84726
-5.81154
-4.22919
-1.38096
1.75497
4.94844
7.16373
8.97624
9.60918
8.17068
6.87603
4.14288
0.83433
-1.92759
-4.57443
-6.47325
-7.07742
-6.18555
-4.77582
-2.15775
1.06449
4.11411
6.81849
8.68854
9.37902
8.71731
7.30758
4.94844
1.95636
-1.23711
-4.14288
-5.84031
-6.9048
-6.38694
-5.14983
-2.61807
0.34524
3.62502
6.09924
8.40084
9.43656
8.65977
8.02683
5.49507
2.27283
-0.54663
-3.39486
-5.69646
-7.1925
-6.67464
-5.72523
-3.19347
-0.31647
2.44545
5.35122
7.96929
9.26394
9.09132
8.28576
6.09924
3.39486
0.02877
-2.73315
-5.03475
-6.67464
-6.73218
-5.89785
-3.97026
-1.20834
2.18652
4.80459
7.36512
8.86116
9.17763
8.71731
6.6171
3.85518
0.80556
-2.33037
-4.77582
-6.47325
-6.84726
-6.67464
-4.34427
-1.84128
0.94941
4.28673
6.96234
8.9187
9.17763
8.74608
7.27881
4.83336
1.63989
-1.32342
-3.99903
-6.21432
-6.73218
-6.53079
-5.00598
-2.56053
0.60417
3.68256
6.44448
8.631
9.12009
9.12009
7.71036
5.26491
2.3016
-0.74802
-3.68256
-5.63892
-6.84726
-6.81849
-5.40876
-3.27978
-0.54663
2.877
5.754
7.99806
8.94747
9.32148
8.17068
6.01293
2.99208
0
-2.90577
-5.61015
-6.41571
-6.76095
-5.78277
-3.68256
-0.77679
2.0139
5.20737
7.71036
8.60223
9.55164
8.631
6.6171
3.82641
0.71925
-2.3016
-5.09229
-6.38694
-7.1925
-6.12801
-4.3155
-1.92759
1.35219
4.43058
7.01988
8.631
9.40779
8.74608
7.07742
4.37304
1.26588
-1.61112
-4.54566
-5.92662
-6.96234
-6.41571
-4.83336
-2.15775
0.63294
3.79764
6.67464
8.17068
9.46533
9.14886
7.4802
5.1786
2.41668
-0.94941
-3.88395
-5.78277
-6.81849
-6.58833
-5.32245
-3.13593
-0.05754
3.10716
5.66769
8.02683
9.32148
8.94747
8.08437
5.86908
2.64684
-0.17262
-3.39486
-5.61015
-6.70341
-6.9048
-6.01293
-3.48117
-0.77679
2.3016
5.63892
7.62405
9.12009
9.55164
8.40084
6.38694
3.79764
0.40278
-2.84823
-4.77582
-6.53079
-6.84726
-6.0417
-4.37304
-1.55358
1.52481
4.63197
6.99111
8.94747
9.2064
8.80362
6.9048
4.05657
1.26588
-2.0139
-4.63197
-6.3294
-6.93357
-6.38694
-4.66074
-2.07144
0.66171
4.25796
6.3294
8.65977
9.55164
9.09132
7.50897
5.1786
1.98513
-1.20834
-3.62502
-5.92662
-6.6171
-6.50202
-5.29368
-2.81946
0.11508
3.33732
5.754
8.19945
9.2064
9.12009
7.96929
5.52384
2.5893
-0.71925
-3.25101
-5.52384
-6.76095
-6.93357
-5.55261
-3.4524
-0.54663
2.64684
5.09229
7.82544
9.2064
9.32148
8.40084
6.41571
3.33732
0.25893
-2.44545
-5.09229
-6.64587
-6.73218
-6.0417
-3.99903
-1.52481
1.89882
4.48812
7.45143
8.94747
9.43656
8.65977
6.81849
4.25796
0.89187
-2.10021
-4.45935
-6.30063
-7.04865
-6.24309
-4.57443
-1.98513
1.26588
3.7401
6.87603
8.65977
9.43656
9.14886
7.53774
4.80459
1.78374
-0.97818
-4.11411
-5.92662
-6.70341
-6.6171
-5.03475
-2.61807
0.2877
2.79069
6.35817
8.11314
9.35025
9.14886
7.79667
5.49507
2.44545
-0.66171
-3.53871
-5.61015
-7.04865
-6.96234
-5.61015
-3.65379
-0.40278
2.41668
5.55261
7.94052
9.17763
9.35025
8.22822
5.98416
3.33732
0.48909
-2.84823
-5.09229
-6.53079
-6.84726
-5.92662
-3.68256
-1.12203
1.58235
5.20737
7.4802
9.09132
9.29271
8.65977
6.67464
4.05657
1.03572
-2.38791
-4.66074
-6.44448
-6.87603
-6.30063
-4.6032
-1.78374
0.66171
4.25796
6.93357
8.74608
9.2064
8.9187
7.25004
4.37304
1.75497
-1.55358
-4.3155
-6.27186
-6.87603
-6.53079
-4.97721
-2.47422
0.20139
3.85518
6.3294
8.3433
9.46533
9.12009
7.71036
5.12106
2.53176
-0.94941
-3.53871
-5.754
-6.70341
-6.6171
-5.61015
-3.13593
-0.51786
2.76192
5.69646
7.85421
9.12009
9.32148
8.08437
5.72523
3.39486
-0.17262
-2.99208
-5.32245
-6.58833
-6.87603
-5.72523
-3.53871
-1.20834
2.27283
5.1786
7.62405
9.09132
9.43656
8.51592
6.55956
3.91272
0.5754
-2.27283
-4.83336
-6.41571
-6.87603
-6.27186
-4.08534
-1.92759
1.32342
4.48812
7.04865
8.65977
9.23517
8.83239
6.67464
4.71828
1.38096
-1.69743
-4.37304
-6.18555
-6.99111
-6.30063
-4.68951
-2.61807
0.92064
3.82641
6.55956
8.45838
9.32148
9.12009
7.25004
5.29368
2.15775
-0.69048
-3.71133
-5.78277
-6.53079
-6.53079
-5.35122
-3.30855
0
3.13593
5.89785
8.02683
9.32148
9.23517
7.62405
6.09924
2.96331
-0.46032
-3.1647
-5.37999
-6.96234
-6.76095
-5.72523
-4.08534
-0.66171
2.33037
5.29368
7.71036
9.12009
9.35025
8.19945
6.47325
3.56748
0.60417
-2.50299
-4.91967
-6.47325
-7.10619
-5.81154
-4.34427
-1.23711
1.7262
4.83336
7.13496
8.9187
9.55164
8.42961
7.10619
4.34427
1.26588
-1.69743
-4.37304
-6.67464
-6.76095
-6.24309
-5.32245
-2.10021
0.83433
3.97026
6.6171
8.631
9.37902
9.03378
7.71036
5.03475
2.0139
-1.12203
-3.85518
-5.84031
-6.81849
-6.41571
-5.29368
-2.79069
0.14385
3.4524
6.0417
8.22822
9.35025
9.12009
7.99806
5.55261
2.64684
-0.46032
-3.30855
-5.61015
-6.96234
-6.96234
-6.21432
-3.4524
-0.66171
2.41668
5.43753
7.71036
9.03378
8.97624
8.40084
6.15678
3.4524
0.25893
-2.90577
-5.09229
-6.6171
-6.64587
-6.07047
-3.99903
-1.23711
1.95636
4.74705
7.36512
9.09132
9.03378
8.80362
7.01988
4.14288
1.06449
-1.92759
-4.63197
-6.24309
-6.67464
-6.6171
-4.45935
-2.04267
1.26588
4.20042
6.81849
8.48715
9.37902
9.00501
7.07742
4.80459
1.7262
-1.23711
-3.99903
-6.15678
-6.67464
-6.76095
-5.12106
-2.61807
0.37401
3.39486
6.24309
8.40084
8.97624
9.35025
7.82544
5.49507
2.53176
-0.40278
-3.53871
-5.55261
-6.41571
-6.81849
-5.37999
-3.39486
-0.46032
2.70438
5.49507
7.7679
8.97624
9.43656
8.0556
6.18555
3.25101
-0.20139
-2.84823
-5.14983
-6.67464
-7.22127
-5.89785
-3.88395
-1.09326
1.98513
5.00598
7.59528
8.71731
9.4941
8.65977
6.78972
3.85518
0.89187
-2.21529
-5.12106
-6.07047
-7.16373
-6.21432
-4.37304
-1.84128
1.17957
4.3155
6.81849
8.40084
9.43656
8.74608
7.25004
4.6032
1.40973
-1.46727
-4.3155
-6.12801
-6.99111
-6.50202
-4.91967
-2.33037
0.46032
3.65379
6.47325
8.19945
9.55164
9.17763
7.71036
5.32245
2.50299
-0.71925
-3.62502
-5.26491
-6.96234
-6.64587
-5.35122
-3.07839
-0.23016
3.02085
5.81154
7.59528
9.2064
9.2064
8.17068
5.81154
2.76192
-0.05754
-3.07839
-5.35122
-6.67464
-6.78972
-5.98416
-3.68256
-0.97818
1.84128
5.12106
7.39389
9.17763
9.40779
8.42961
6.55956
3.79764
0.69048
-2.35914
-4.57443
-6.44448
-6.84726
-6.07047
-4.22919
-1.66866
1.58235
4.71828
6.81849
9.00501
9.40779
8.86116
7.07742
4.48812
1.38096
-1.84128
-4.45935
-6.27186
-6.9048
-6.70341
-4.74705
-2.33037
0.43155
3.82641
6.12801
8.57346
9.35025
9.09132
7.65282
5.1786
2.0139
-1.00695
-3.50994
-5.84031
-6.73218
-6.53079
-5.37999
-2.96331
0.02877
2.877
5.63892
8.31453
9.17763
9.17763
7.96929
5.754
2.93454
-0.43155
-3.07839
-5.61015
-6.73218
-6.81849
-5.61015
-3.62502
-1.00695
2.53176
5.00598
7.4802
9.12009
9.35025
8.45838
6.44448
3.62502
0
-2.12898
-5.06352
-6.41571
-6.76095
-5.98416
-4.17165
-1.20834
1.7262
4.34427
7.42266
8.88993
9.32148
8.97624
6.84726
4.3155
1.03572
-1.63989
-4.54566
-6.18555
-7.04865
-6.30063
-4.66074
-2.47422
0.94941
3.62502
6.64587
8.631
9.40779
8.9187
7.50897
4.94844
1.63989
-0.8631
-4.11411
-6.01293
-6.84726
-6.58833
-5.20737
-2.70438
0.11508
2.877
6.3294
8.19945
9.32148
9.32148
7.94052
5.58138
2.73315
-0.23016
-3.36609
-5.37999
-6.73218
-6.73218
-5.61015
-3.4524
-0.40278
2.33037
5.43753
7.88298
9.12009
9.12009
8.28576
6.21432
3.33732
0.40278
-2.84823
-5.14983
-6.53079
-6.99111
-6.12801
-3.97026
-1.1508
1.40973
5.09229
7.33635
8.94747
9.43656
8.631
6.9048
4.17165
1.09326
-2.07144
-4.37304
-6.30063
-6.9048
-6.18555
-4.63197
-1.92759
0.71925
4.17165
6.78972
8.42961
9.35025
9.00501
7.42266
4.45935
2.04267
-1.38096
-4.20042
-6.07047
-6.9048
-6.76095
-5.14983
-2.79069
0.02877
3.48117
6.24309
8.40084
9.4941
9.09132
7.94052
5.23614
2.64684
-0.54663
-3.30855
-5.72523
-6.76095
-6.70341
-5.52384
-3.07839
-0.31647
2.79069
5.63892
7.96929
9.14886
9.32148
8.17068
5.89785
3.39486
-0.05754
-2.93454
-5.1786
-6.53079
-7.10619
-5.81154
-3.7401
-1.46727
2.04267
4.94844
7.50897
9.09132
9.35025
8.54469
6.78972
4.0278
0.80556
-1.95636
-4.68951
-6.27186
-6.87603
-6.47325
-4.17165
-1.87005
1.26588
4.37304
7.10619
8.74608
9.43656
8.9187
6.81849
4.74705
1.52481
-1.58235
-4.20042
-6.15678
-7.16373
-6.44448
-4.8909
-2.79069
0.5754
3.59625
6.15678
8.40084
9.37902
9.09132
7.30758
5.40876
2.3016
-0.71925
-3.53871
-5.72523
-6.76095
-6.76095
-5.14983
-3.07839
0
2.93454
5.95539
7.94052
9.23517
9.32148
7.71036
6.09924
2.877
-0.05754
-3.07839
-5.14983
-6.73218
-6.87603
-5.61015
-3.99903
-0.89187
2.18652
4.94844
7.59528
9.12009
9.14886
8.17068
6.41571
3.56748
0.66171
-2.33037
-4.74705
-6.50202
-6.87603
-5.98416
-4.40181
-1.61112
1.49604
4.71828
7.07742
8.86116
9.55164
8.42961
7.16373
4.51689
1.38096
-1.66866
-4.22919
-6.24309
-6.9048
-6.15678
-5.23614
-2.3016
0.60417
3.71133
6.55956
8.54469
9.09132
8.88993
7.59528
4.97721
2.18652
-0.92064
-3.7401
-5.84031
-6.81849
-6.53079
-5.37999
-2.90577
0.02877
3.10716
5.86908
8.17068
9.2064
9.09132
8.08437
5.86908
2.93454
-0.25893
-2.96331
-5.4663
-6.70341
-6.41571
-5.78277
-3.48117
-0.89187
2.33037
5.32245
7.73913
8.88993
9.09132
8.51592
6.09924
3.56748
0.37401
-2.76192
-5.00598
-6.41571
-6.99111
-6.21432
-4.14288
-1.46727
1.7262
4.71828
7.25004
8.94747
9.09132
8.88993
7.01988
4.11411
1.12203
-1.69743
-4.45935
-6.21432
-6.53079
-6.76095
-4.6032
-1.92759
0.89187
4.0278
6.78972
8.51592
8.94747
9.12009
7.33635
5.06352
1.95636
-1.35219
-3.82641
-5.84031
-6.84726
-6.73218
-5.32245
-3.04962
0.17262
3.33732
6.09924
8.28576
8.9187
9.40779
7.94052
5.55261
2.64684
-0.48909
-3.30855
-5.61015
-6.50202
-6.9048
-5.55261
-3.27978
-0.51786
2.56053
5.61015
7.73913
8.80362
9.43656
8.19945
6.3294
3.36609
0
-2.61807
-5.14983
-6.64587
-7.10619
-6.01293
-4.20042
-1.46727
1.84128
4.86213
7.33635
9.00501
9.63795
8.631
6.87603
4.11411
1.1508
-2.0139
-4.6032
-5.92662
-7.10619
-6.27186
-4.51689
-1.89882
1.09326
4.28673
7.04865
8.25699
9.58041
8.88993
7.59528
4.77582
1.7262
-1.32342
-4.14288
-6.15678
-7.1925
-6.55956
-5.14983
-2.5893
0.25893
3.1647
6.12801
8.28576
9.43656
9.09132
7.73913
5.4663
2.47422
-0.71925
-3.48117
-5.43753
-6.87603
-6.76095
-5.40876
-3.30855
-0.43155
2.96331
5.754
7.7679
9.55164
9.2064
8.28576
6.09924
3.1647
0.05754
-2.96331
-5.14983
-7.04865
-6.81849
-6.07047
-3.76887
-1.00695
1.78374
5.09229
7.16373
8.86116
9.35025
8.74608
6.64587
4.05657
0.80556
-2.44545
-4.43058
-6.58833
-6.87603
-6.18555
-4.43058
-1.78374
1.23711
4.3155
6.78972
9.00501
9.32148
8.97624
7.30758
4.71828
1.61112
-1.40973
-4.17165
-6.30063
-6.9048
-6.73218
-4.91967
-2.04267
0.5754
3.82641
6.44448
8.40084
9.40779
9.12009
7.30758
5.40876
2.24406
-0.74802
-3.48117
-5.98416
-6.76095
-6.64587
-5.35122
-3.07839
-0.02877
2.90577
5.58138
8.19945
9.06255
9.37902
8.22822
5.89785
3.04962
-0.02877
-2.84823
-5.32245
-6.53079
-6.81849
-5.61015
-3.68256
-1.00695
2.3016
4.97721
7.4802
9.09132
9.43656
8.28576
6.55956
3.71133
0.34524
-2.35914
-5.09229
-6.47325
-6.93357
-6.15678
-4.43058
-1.66866
1.4385
4.17165
7.36512
8.77485
9.46533
8.86116
7.07742
4.40181
1.49604
-1.63989
-4.54566
-5.95539
-6.93357
-6.38694
-4.91967
-2.33037
0.66171
3.71133
6.55956
8.45838
9.43656
8.86116
7.56651
5.09229
1.84128
-0.8631
-3.76887
-6.15678
-6.99111
-6.58833
-5.23614
-2.84823
0
2.79069
6.15678
8.08437
9.32148
9.23517
8.0556
5.754
3.10716
-0.05754
-3.22224
-5.23614
-6.70341
-6.84726
-5.58138
-3.62502
-0.66171
2.10021
5.32245
7.71036
9.2064
9.26394
8.42961
6.3294
3.33732
0.63294
-2.61807
-5.26491
-6.53079
-6.93357
-6.24309
-4.25796
-1.32342
1.38096
4.83336
7.13496
8.97624
9.46533
8.77485
6.93357
4.17165
1.29465
-2.12898
-4.37304
-6.27186
-6.9048
-6.24309
-4.63197
-2.07144
0.63294
4.08534
6.67464
8.631
9.35025
9.09132
7.71036
4.80459
2.15775
-1.38096
-4.17165
-5.84031
-6.96234
-6.87603
-5.12106
-2.76192
-0.31647
3.36609
5.89785
7.94052
9.32148
9.2064
7.85421
5.66769
2.84823
-0.8631
-3.19347
-5.61015
-6.73218
-6.70341
-5.52384
-3.30855
-0.77679
2.67561
5.49507
7.82544
9.2064
9.40779
8.25699
6.18555
3.56748
0.20139
-2.73315
-5.09229
-6.53079
-6.87603
-5.92662
-3.94149
-1.78374
2.0139
4.80459
7.33635
8.74608
9.37902
8.31453
6.78972
4.25796
0.71925
-1.92759
-4.66074
-6.30063
-6.9048
-6.30063
-4.6032
-2.04267
1.17957
4.14288
7.01988
8.68854
9.40779
9.09132
7.27881
4.80459
1.7262
-1.23711
-4.05657
-6.27186
-6.99111
-6.50202
-5.12106
-2.96331
0.51786
3.42363
6.01293
8.3433
9.35025
8.94747
7.73913
5.4663
2.10021
-0.54663
-3.48117
-5.69646
-6.76095
-6.76095
-5.55261
-3.42363
-0.23016
2.64684
5.72523
7.79667
9.17763
9.32148
8.22822
6.12801
3.1647
0.05754
-2.84823
-5.14983
-6.73218
-6.84726
-5.754
-4.08534
-0.8631
2.04267
4.94844
7.50897
9.00501
9.2064
8.68854
6.78972
3.59625
0.8631
-2.38791
-5.00598
-6.38694
-6.96234
-6.27186
-4.66074
-1.66866
1.26588
4.48812
6.84726
8.77485
9.35025
8.88993
7.36512
4.54566
1.52481
-1.52481
-3.99903
-6.07047
-6.87603
-6.41571
-5.09229
-2.21529
0.69048
3.56748
6.38694
8.51592
9.32148
9.09132
7.94052
5.09229
2.33037
-0.77679
-3.94149
-5.72523
-6.99111
-6.67464
-5.63892
-3.04962
-0.31647
3.10716
5.86908
8.02683
9.32148
9.2064
8.31453
5.754
2.79069
-0.05754
-2.877
-5.35122
-6.55956
-6.76095
-5.92662
-3.50994
-0.77679
2.27283
5.1786
7.71036
8.86116
9.43656
8.631
6.35817
3.79764
0.5754
-2.44545
-4.83336
-6.53079
-7.13496
-6.44448
-4.22919
-1.84128
1.52481
4.51689
7.16373
8.86116
9.43656
9.06255
7.01988
4.54566
1.38096
-1.61112
-4.3155
-6.3294
-6.67464
-6.70341
-4.68951
-2.3016
0.80556
3.79764
6.78972
8.54469
9.37902
9.35025
7.4802
5.23614
2.18652
-1.00695
-3.76887
-5.78277
-7.10619
-6.99111
-5.14983
-3.22224
0
3.10716
5.754
8.11314
9.2064
9.32148
7.99806
5.72523
2.81946
-0.25893
-3.27978
-5.37999
-6.53079
-6.99111
-5.72523
-3.50994
-0.69048
2.41668
5.63892
7.71036
9.2064
9.69549
8.40084
6.44448
3.62502
0.43155
-2.5893
-4.8909
-6.44448
-7.27881
-6.0417
-4.14288
-1.23711
1.63989
4.48812
7.25004
8.94747
9.32148
8.77485
6.96234
4.14288
1.26588
-1.87005
-4.8909
-5.95539
-7.16373
-6.24309
-4.68951
-2.12898
0.92064
3.94149
6.78972
8.28576
9.7818
8.9187
7.50897
5.00598
1.95636
-1.12203
-3.85518
-5.81154
-7.16373
-6.50202
-5.1786
-2.76192
0.11508
3.22224
6.35817
8.19945
9.23517
9.09132
7.94052
5.32245
2.47422
-0.40278
-3.4524
-5.23614
-7.04865
-6.9048
-5.61015
-3.39486
-0.54663
2.67561
5.52384
7.85421
9.32148
9.09132
8.22822
6.18555
3.4524
0.34524
-2.44545
-5.06352
-6.96234
-6.70341
-5.98416
-3.97026
-1.1508
1.78374
4.74705
7.25004
9.09132
9.32148
8.60223
6.67464
4.05657
0.97818
-2.27283
-4.80459
-6.64587
-6.99111
-6.38694
-4.51689
-2.15775
1.1508
4.11411
6.24309
8.86116
9.14886
8.94747
7.25004
4.66074
1.66866
-1.1508
-4.14288
-6.41571
-6.67464
-6.70341
-5.00598
-2.44545
0.37401
3.42363
6.35817
8.42961
9.09132
9.2064
7.71036
5.55261
2.53176
-0.74802
-3.50994
-5.69646
-6.76095
-6.76095
-5.61015
-3.4524
-0.25893
2.76192
5.32245
8.0556
8.9187
8.97624
8.19945
6.12801
3.22224
0.17262
-2.84823
-5.58138
-6.47325
-6.9048
-5.84031
-3.68256
-1.09326
1.98513
5.1786
7.59528
8.68854
9.32148
8.54469
6.70341
4.0278
0.66171
-2.15775
-4.91967
-6.38694
-6.84726
-6.27186
-4.71828
-1.69743
1.49604
4.08534
7.25004
8.54469
9.23517
8.97624
7.04865
4.51689
1.49604
-1.55358
-4.80459
-5.92662
-7.16373
-6.47325
-4.8909
-2.44545
0.5754
3.79764
6.55956
8.08437
9.46533
9.00501
7.73913
5.55261
2.3016
-0.83433
-3.85518
-5.78277
-6.93357
-6.76095
-5.61015
-3.07839
-0.17262
2.81946
5.95539
7.82544
9.09132
9.26394
7.99806
5.72523
3.04962
-0.17262
-2.96331
-5.23614
-6.81849
-6.81849
-5.754
-3.68256
-0.97818
2.41668
5.26491
7.36512
9.09132
9.32148
8.51592
6.6171
3.71133
0.34524
-2.35914
-4.77582
-6.53079
-6.87603
-6.21432
-4.22919
-1.46727
1.52481
4.71828
6.87603
8.631
9.40779
8.48715
6.78972
4.40181
1.29465
-2.24406
-4.20042
-6.27186
-7.10619
-6.44448
-4.77582
-2.27283
0.69048
4.20042
6.3294
8.68854
9.4941
9.00501
7.62405
5.20737
2.07144
-0.97818
-3.65379
-6.07047
-6.64587
-6.67464
-5.20737
-2.81946
0
3.33732
5.754
8.17068
9.32148
9.32148
7.94052
5.86908
2.81946
-0.63294
-2.99208
-5.49507
-6.96234
-6.73218
-5.61015
-3.76887
-0.60417
2.50299
4.97721
7.82544
9.12009
9.58041
8.40084
6.38694
3.56748
0.43155
-2.38791
-4.97721
-6.47325
-6.87603
-5.89785
-3.97026
-1.40973
1.87005
4.71828
7.25004
8.83239
9.58041
8.631
6.9048
4.25796
1.03572
-1.61112
-4.68951
-6.27186
-6.96234
-6.38694
-4.91967
-2.04267
1.03572
3.36609
6.76095
8.631
9.32148
9.09132
7.25004
4.97721
1.78374
-1.00695
-3.91272
-5.84031
-6.93357
-6.53079
-5.12106
-2.76192
0.46032
3.1647
6.35817
8.25699
9.55164
9.2064
7.99806
5.754
2.70438
-0.23016
-3.22224
-5.52384
-6.76095
-6.76095
-5.81154
-3.30855
-0.31647
2.18652
5.66769
7.79667
8.88993
9.35025
8.28576
5.92662
3.02085
0.20139
-2.81946
-5.00598
-6.53079
-6.87603
-6.01293
-3.91272
-0.94941
1.58235
4.8909
7.27881
9.12009
9.14886
8.68854
6.87603
3.82641
1.12203
-1.92759
-4.63197
-6.41571
-6.76095
-6.35817
-4.45935
-1.89882
0.69048
4.3155
6.87603
8.40084
9.40779
8.9187
7.10619
4.71828
1.81251
-1.66866
-3.97026
-6.01293
-7.07742
-6.53079
-5.12106
-2.81946
0.11508
3.56748
6.27186
8.40084
9.32148
9.17763
7.73913
5.1786
2.56053
-0.66171
-3.50994
-5.69646
-6.70341
-6.87603
-5.4663
-2.96331
-0.77679
2.79069
5.55261
7.85421
9.17763
9.23517
7.94052
5.63892
3.22224
-0.2877
-2.84823
-5.35122
-6.99111
-6.96234
-5.92662
-3.76887
-1.23711
2.0139
5.00598
7.50897
9.00501
9.4941
8.631
6.47325
4.11411
0.80556
-2.24406
-4.80459
-6.18555
-6.87603
-6.30063
-4.20042
-1.84128
1.35219
4.37304
6.78972
8.65977
9.43656
8.74608
6.87603
4.6032
1.09326
-1.46727
-4.22919
-6.30063
-6.96234
-6.67464
-4.91967
-2.5893
0.5754
3.50994
6.3294
8.40084
9.37902
9.12009
7.62405
5.4663
2.24406
-0.92064
-3.65379
-5.58138
-6.93357
-6.67464
-5.14983
-3.22224
-0.05754
3.10716
5.95539
8.08437
9.55164
9.2064
8.08437
6.09924
2.99208
-0.08631
-3.07839
-5.35122
-6.64587
-6.84726
-5.81154
-3.97026
-0.89187
1.95636
5.26491
7.59528
8.86116
9.40779
8.0556
6.78972
3.65379
0.63294
-2.38791
-4.74705
-6.47325
-6.84726
-6.01293
-4.57443
-1.40973
1.52481
4.77582
7.10619
9.06255
9.35025
8.80362
7.25004
4.34427
1.35219
-1.78374
-4.34427
-6.15678
-6.76095
-6.38694
-5.20737
-2.15775
0.40278
3.94149
6.6171
8.25699
9.35025
9.09132
7.50897
4.94844
2.3016
-1.23711
-3.68256
-5.89785
-6.70341
-6.47325
-5.61015
-2.81946
0.11508
3.13593
5.98416
8.17068
9.37902
9.35025
8.31453
5.63892
2.81946
-0.17262
-3.19347
-5.37999
-6.67464
-6.87603
-5.98416
-3.22224
-0.63294
2.41668
5.40876
7.71036
9.00501
9.23517
8.40084
6.3294
3.56748
0.11508
-2.53176
-5.14983
-6.84726
-6.87603
-6.30063
-3.94149
-1.35219
1.66866
4.71828
7.33635
8.86116
9.37902
8.97624
6.67464
4.3155
1.26588
-1.87005
-4.45935
-6.07047
-6.96234
-6.38694
-4.37304
-2.15775
1.03572
4.11411
6.78972
8.631
9.40779
9.09132
7.07742
4.94844
1.84128
-1.20834
-3.97026
-6.27186
-6.9048
-6.76095
-5.20737
-2.81946
0.14385
3.33732
6.21432
8.22822
9.2064
9.32148
7.4802
5.72523
2.67561
-0.48909
-3.30855
-5.37999
-6.81849
-7.13496
-5.35122
-3.42363
-0.46032
2.70438
5.52384
7.73913
9.32148
9.2064
7.99806
6.27186
3.36609
0.2877
-2.73315
-5.06352
-6.6171
-7.16373
-6.01293
-3.97026
-1.17957
1.52481
5.00598
7.39389
8.631
9.46533
8.40084
6.6171
4.0278
1.00695
-2.15775
-4.45935
-6.47325
-7.10619
-6.07047
-4.57443
-1.89882
1.17957
4.25796
6.9048
8.86116
9.55164
8.51592
7.53774
4.80459
1.87005
-1.23711
-4.11411
-6.0417
-7.07742
-6.50202
-5.03475
-2.33037
0.34524
3.4524
6.24309
8.22822
9.46533
8.86116
7.50897
5.40876
2.44545
-0.63294
-3.71133
-5.55261
-7.25004
-6.76095
-5.55261
-3.07839
-0.08631
2.877
5.72523
8.11314
9.23517
9.09132
8.42961
6.09924
3.22224
0.23016
-2.81946
-5.14983
-6.53079
-6.6171
-6.07047
-3.7401
-1.09326
2.18652
5.03475
7.33635
8.94747
9.14886
8.51592
6.6171
3.85518
0.69048
-2.15775
-4.83336
-6.70341
-6.70341
-6.50202
-4.45935
-1.58235
1.32342
4.3155
7.25004
9.03378
9.2064
8.9187
7.04865
4.6032
1.61112
-1.46727
-4.34427
-5.95539
-6.96234
-6.53079
-4.74705
-2.35914
0.5754
3.85518
6.38694
8.54469
9.14886
9.12009
7.50897
5.26491
2.21529
-0.77679
-3.71133
-5.89785
-6.70341
-6.84726
-5.61015
-3.07839
-0.14385
2.76192
5.95539
7.94052
8.88993
9.43656
8.0556
5.92662
3.02085
-0.08631
-3.07839
-5.29368
-6.64587
-7.39389
-5.61015
-3.76887
-0.92064
2.3016
5.1786
7.59528
8.94747
9.40779
8.40084
6.64587
3.65379
0.43155
-2.38791
-5.09229
-6.41571
-7.30758
-6.24309
-4.22919
-1.58235
1.29465
4.6032
7.10619
8.25699
9.35025
8.65977
7.01988
4.48812
1.49604
-1.69743
-4.34427
-6.07047
-7.22127
-6.30063
-4.80459
-2.12898
0.66171
3.85518
6.55956
8.45838
9.4941
9.09132
7.71036
5.06352
2.12898
-0.97818
-3.99903
-5.63892
-7.22127
-6.67464
-5.35122
-2.76192
-0.05754
3.10716
5.92662
7.71036
9.55164
8.97624
7.71036
5.754
2.64684
-0.25893
-3.07839
-5.49507
-7.1925
-6.76095
-5.78277
-3.53871
-0.54663
2.44545
5.32245
7.7679
9.23517
9.17763
8.65977
6.35817
3.59625
0.46032
-2.47422
-4.8909
-6.73218
-6.87603
-6.0417
-4.14288
-1.46727
1.84128
4.77582
7.01988
9.17763
9.32148
8.57346
7.01988
4.3155
0.94941
-1.81251
-4.51689
-6.9048
-6.76095
-6.41571
-4.68951
-2.0139
1.03572
4.05657
6.87603
8.74608
9.35025
9.12009
7.27881
5.00598
2.04267
-1.20834
-3.76887
-6.0417
-6.78972
-6.58833
-5.12106
-2.81946
0.25893
3.62502
5.89785
8.48715
9.12009
9.09132
8.02683
5.69646
2.41668
-0.31647
-3.30855
-6.12801
-6.58833
-6.84726
-5.754
-3.27978
-0.48909
2.64684
5.69646
7.94052
9.09132
9.55164
8.28576
6.18555
3.50994
0.23016
-2.5893
-5.06352
-6.41571
-6.93357
-5.84031
-4.05657
-1.09326
1.98513
4.94844
7.71036
9.00501
9.23517
8.80362
6.87603
3.97026
1.03572
-2.10021
-5.06352
-6.18555
-6.96234
-6.55956
-4.54566
-1.89882
0.89187
4.0278
7.01988
8.42961
9.55164
8.88993
7.33635
4.74705
1.63989
-1.38096
-4.40181
-5.89785
-7.07742
-6.3294
-5.03475
-2.53176
0.5754
3.56748
6.55956
8.45838
9.40779
9.09132
7.82544
5.29368
2.33037
-0.74802
-3.97026
-5.69646
-6.84726
-6.99111
-5.37999
-3.27978
-0.60417
2.84823
5.86908
7.53774
9.35025
9.26394
8.19945
5.98416
3.13593
0
-2.96331
-5.12106
-6.67464
-6.76095
-5.84031
-3.76887
-0.77679
2.07144
5.20737
7.59528
9.09132
9.35025
8.54469
6.58833
3.94149
0.74802
-2.50299
-4.63197
-6.27186
-7.13496
-6.27186
-4.3155
-1.87005
1.49604
4.48812
6.41571
8.86116
9.40779
8.80362
6.96234
4.51689
1.40973
-1.66866
-4.08534
-6.15678
-6.70341
-6.41571
-4.80459
-2.38791
0.66171
3.68256
6.44448
8.54469
9.40779
9.32148
7.71036
5.29368
2.41668
-0.94941
-3.39486
-5.84031
-6.9048
-6.6171
-5.37999
-3.22224
-0.05754
3.02085
5.4663
8.11314
9.2064
8.94747
8.0556
5.86908
3.10716
-0.31647
-3.07839
-5.58138
-6.64587
-6.9048
-5.72523
-3.65379
-0.8631
2.47422
5.1786
7.56651
9.09132
9.63795
8.42961
6.55956
3.82641
0.40278
-2.15775
-4.97721
-6.50202
-6.99111
-5.95539
-4.22919
-1.46727
1.52481
4.25796
7.30758
8.86116
9.37902
8.68854
6.9048
4.17165
1.03572
-1.61112
-4.63197
-6.15678
-6.93357
-6.53079
-4.68951
-2.24406
0.94941
3.82641
6.64587
8.51592
9.4941
9.09132
7.50897
5.20737
2.0139
-0.8631
-3.7401
-5.84031
-6.93357
-6.6171
-5.35122
-2.84823
-0.11508
2.96331
6.01293
8.11314
9.17763
9.2064
8.0556
5.49507
2.877
-0.08631
-3.53871
-5.49507
-6.78972
-6.81849
-5.66769
-3.4524
-0.48909
2.12898
5.4663
7.79667
9.23517
9.32148
8.42961
6.35817
3.56748
0.5754
-2.56053
-5.14983
-6.53079
-6.84726
-6.07047
-4.11411
-1.23711
1.26588
4.77582
7.39389
8.86116
9.32148
8.68854
6.78972
3.97026
1.17957
-2.07144
-4.45935
-6.30063
-7.13496
-6.35817
-4.80459
-2.10021
0.60417
4.11411
6.67464
8.74608
9.32148
8.94747
7.56651
4.94844
1.98513
-1.1508
-3.99903
-5.98416
-6.87603
-6.64587
-5.03475
-2.50299
-0.02877
3.4524
6.3294
8.25699
9.32148
8.97624
7.71036
5.1786
2.76192
-0.69048
-3.30855
-5.61015
-7.07742
-6.84726
-5.52384
-3.53871
-0.74802
2.64684
5.40876
7.94052
9.09132
9.37902
8.25699
6.18555
3.4524
0.11508
-2.70438
-5.12106
-6.47325
-6.76095
-5.95539
-3.76887
-1.46727
1.98513
5.00598
7.33635
8.97624
9.37902
8.54469
6.35817
4.28673
1.03572
-1.92759
-4.68951
-6.55956
-6.87603
-6.38694
-4.68951
-1.78374
1.1508
4.08534
7.01988
8.65977
9.46533
8.88993
7.07742
4.71828
1.7262
-1.35219
-3.99903
-5.98416
-6.9048
-6.53079
-4.83336
-2.84823
0.48909
3.65379
6.3294
8.31453
9.58041
9.09132
7.4802
5.58138
2.41668
-0.66171
-3.50994
-5.754
-6.84726
-6.70341
-5.58138
-3.07839
-0.2877
2.76192
5.78277
7.94052
8.9187
9.32148
7.73913
6.21432
3.10716
0
-2.84823
-5.12106
-6.64587
-6.84726
-5.61015
-3.97026
-0.94941
2.0139
5.09229
7.53774
9.2064
9.40779
8.25699
6.93357
3.88395
0.80556
-2.15775
-4.80459
-6.30063
-7.10619
-6.15678
-4.45935
-1.69743
1.29465
4.48812
7.01988
8.54469
9.40779
8.51592
7.04865
4.63197
1.38096
-1.66866
-4.22919
-6.18555
-6.9048
-6.27186
-5.14983
-2.3016
0.66171
3.65379
6.41571
8.31453
9.32148
9.00501
7.94052
5.1786
2.27283
-0.71925
-3.71133
-5.754
-6.87603
-6.6171
-5.52384
-2.93454
-0.23016
3.02085
5.86908
7.94052
9.40779
8.94747
7.91175
5.86908
2.99208
-0.14385
-3.02085
-5.35122
-6.96234
-6.53079
-6.0417
-3.71133
-0.77679
2.24406
5.23614
7.30758
9.32148
9.40779
8.631
6.38694
3.71133
0.71925
-2.38791
-4.91967
-6.3294
-6.70341
-6.12801
-4.08534
-1.58235
1.61112
4.57443
7.07742
8.86116
9.2064
8.65977
7.01988
4.48812
1.03572
-1.69743
-4.43058
-6.6171
-6.70341
-6.53079
-4.97721
-2.24406
0.77679
3.82641
6.67464
8.51592
9.12009
9.23517
7.30758
5.1786
2.0139
-1.00695
-3.76887
-5.69646
-6.76095
-6.67464
-4.91967
-2.90577
0.14385
3.1647
5.81154
8.17068
9.00501
9.14886
7.99806
5.66769

